$SPEC_ID:
ESBS
$SPEC_REM:
$DATE_MEA:
09/23/2021 16:38:28
$MEAS_TIM:
587 600
$DATA:
0 4095
0
0
0
0
0
0
0
0
0
0
0
0
0
0
0
0
0
0
0
0
0
0
0
0
0
0
0
0
0
0
0
0
0
0
0
0
0
0
0
0
0
0
0
0
0
2112
2514
2736
3117
3767
4616
5261
5680
10290
66980
98238
9172
2100
1470
1084
711
483
469
383
391
410
445
501
377
358
353
364
348
363
359
402
385
373
406
367
452
460
451
450
413
481
548
458
387
501
411
389
408
348
333
360
338
383
350
374
397
390
326
266
282
265
281
256
229
260
245
266
254
278
258
253
271
243
239
223
249
245
233
234
208
193
225
192
215
178
194
180
168
188
184
173
194
201
162
160
160
162
146
162
178
155
148
167
152
138
153
147
162
143
165
146
144
141
123
141
124
115
134
116
142
133
127
106
121
120
121
116
98
94
104
97
120
99
93
94
124
96
83
111
94
97
100
98
94
109
78
82
94
93
90
95
101
169
90
95
91
91
83
68
88
78
79
72
70
57
57
53
74
82
54
57
58
57
69
71
59
57
76
62
41
52
73
73
81
63
51
54
55
40
53
67
46
49
45
49
40
66
122
64
48
44
47
40
45
42
43
59
38
31
47
42
38
42
42
38
43
44
43
40
39
45
36
38
40
41
36
34
41
34
37
31
51
48
38
36
37
25
43
39
26
42
86
102
41
22
46
33
30
29
18
32
28
24
38
34
25
32
30
32
36
23
35
36
30
27
36
31
23
24
24
22
19
30
27
28
27
26
19
24
27
35
44
28
32
31
22
25
30
23
23
27
22
25
29
24
16
25
23
20
29
16
25
20
23
21
19
20
21
22
28
24
20
20
13
27
19
18
23
20
17
17
19
19
20
25
18
18
22
25
27
27
15
20
23
14
16
20
11
22
24
18
21
18
13
20
13
17
15
20
26
13
19
21
25
16
18
17
15
15
13
23
20
19
18
15
14
15
20
28
22
8
13
15
17
12
13
14
13
10
12
16
9
12
17
19
13
16
10
13
13
16
12
14
15
14
10
6
12
19
14
16
13
10
15
7
13
16
13
10
8
10
6
12
14
14
10
16
16
12
17
16
10
12
7
17
40
18
13
18
12
6
21
15
14
16
12
25
11
8
11
14
10
13
12
13
45
114
33
13
20
12
6
22
10
8
13
3
4
18
8
9
11
10
9
8
8
10
5
15
17
8
9
6
8
8
8
9
14
3
12
10
11
4
6
12
7
18
56
41
11
18
18
8
12
5
18
8
8
7
4
10
10
6
11
5
6
6
6
7
12
9
6
7
5
7
4
5
6
9
10
9
9
8
10
13
12
7
7
10
9
9
5
9
6
8
6
3
13
18
10
12
4
12
13
13
11
6
8
5
4
4
14
6
11
12
7
12
4
12
7
8
7
7
5
5
5
6
6
9
8
8
17
13
15
2
9
6
7
9
9
14
14
10
3
4
8
10
9
7
7
7
8
7
7
11
5
11
6
2
5
8
10
10
8
9
2
5
10
11
6
7
10
13
11
3
5
4
5
6
9
3
9
14
10
8
4
11
6
6
6
6
4
1
8
7
4
4
5
8
5
9
2
4
7
7
9
7
6
4
4
4
11
10
5
10
11
5
8
4
6
5
5
9
4
2
5
4
3
1
9
4
5
14
6
9
3
9
6
9
8
9
13
8
8
13
25
17
11
7
7
6
6
5
11
5
6
5
3
6
9
3
5
12
3
12
1
2
4
4
7
5
8
6
4
6
3
9
6
8
4
4
10
4
8
8
4
8
4
12
7
6
19
7
4
4
5
3
5
3
4
2
6
6
3
3
11
3
5
5
7
3
5
5
5
3
7
3
8
5
2
2
6
6
6
4
8
7
6
2
4
5
4
9
4
7
9
3
3
2
3
3
3
4
4
4
5
7
7
4
7
4
6
6
10
5
6
9
1
5
2
6
2
3
3
4
6
5
2
2
6
2
6
6
2
5
9
5
8
10
6
3
7
4
3
4
5
3
10
9
3
4
5
6
4
4
5
1
5
5
4
5
13
5
7
5
3
11
2
1
10
11
23
14
5
3
3
2
3
3
4
4
7
6
3
2
5
4
3
3
3
6
6
10
4
1
3
6
5
4
6
10
3
5
7
5
6
4
1
5
7
8
6
9
3
7
6
8
4
4
7
7
3
3
3
3
4
3
4
5
5
5
6
2
4
1
6
6
2
3
4
5
10
4
6
5
8
10
10
3
6
7
5
6
3
7
5
7
9
1
7
6
6
7
9
10
10
7
3
5
5
6
3
5
10
3
1
3
2
5
1
3
3
6
1
3
1
1
0
4
5
4
4
6
4
2
2
2
4
8
3
2
1
4
3
5
6
1
0
1
7
3
4
1
4
8
7
2
1
3
2
3
3
2
2
4
0
3
2
4
8
1
4
0
6
3
2
2
4
2
1
3
2
4
4
3
1
0
1
0
2
1
3
4
2
0
1
4
2
3
2
2
5
4
4
1
1
2
3
1
2
4
2
0
1
4
9
2
5
3
2
1
2
1
1
1
1
2
3
2
0
3
2
1
3
2
3
1
5
3
5
5
3
4
2
1
4
3
1
2
2
1
1
2
2
2
2
2
3
3
1
2
1
1
2
4
1
2
3
1
0
1
3
0
0
0
0
0
2
3
9
41
64
57
19
6
3
3
1
3
1
1
0
2
1
1
1
5
0
1
2
2
1
2
0
0
0
3
3
0
3
3
1
0
3
3
0
0
2
0
2
5
3
3
1
3
3
3
2
2
0
1
0
1
1
1
0
3
1
2
0
1
1
1
2
1
1
1
2
0
1
0
1
2
0
3
2
0
1
1
5
0
0
1
1
1
0
0
3
0
1
0
2
0
1
1
2
3
5
6
1
2
0
3
4
0
2
3
0
1
0
0
2
1
0
0
1
0
0
2
0
1
3
2
1
1
1
1
2
4
0
1
1
1
2
1
1
2
4
0
1
0
0
1
1
0
0
1
0
1
2
1
0
0
0
0
2
0
0
0
0
2
1
1
0
0
3
0
0
1
0
2
0
2
0
2
1
0
0
3
2
1
0
0
1
0
1
0
1
0
2
0
1
3
1
1
1
0
1
2
0
0
0
0
1
0
1
1
0
0
2
1
1
0
1
2
2
0
1
0
0
1
1
1
0
1
1
0
1
1
0
1
1
1
0
0
0
1
0
0
2
5
12
11
11
3
1
1
3
1
0
0
0
0
2
1
0
0
0
0
0
1
2
0
0
0
2
0
1
0
0
1
0
0
2
0
0
0
2
0
0
1
0
0
2
2
1
2
1
1
0
1
0
1
0
0
0
1
1
1
3
0
1
0
1
0
0
0
0
2
1
4
0
1
1
2
1
0
0
0
1
2
0
1
0
0
2
2
0
0
1
0
1
0
1
1
0
0
1
0
1
1
0
0
1
1
0
0
0
0
0
1
2
0
1
0
1
0
1
1
0
0
1
0
0
1
1
1
1
0
0
0
0
0
1
0
1
0
0
0
2
0
0
0
0
1
0
3
3
1
2
1
0
0
0
1
1
1
1
0
0
2
1
1
0
0
1
0
0
2
1
1
1
1
0
0
1
1
0
1
2
1
0
0
1
0
1
1
0
0
1
0
0
2
0
0
0
1
0
1
1
0
0
0
0
1
0
2
0
0
1
1
0
0
0
1
1
0
0
0
0
0
0
0
1
1
1
0
0
1
0
1
0
0
0
1
1
0
0
0
1
0
1
0
0
0
0
0
1
1
0
0
1
0
1
1
1
0
1
2
0
2
0
0
0
1
0
0
0
2
2
3
2
2
1
0
1
0
0
1
0
1
0
1
1
1
0
0
0
0
0
0
2
0
1
0
0
0
1
0
0
0
0
0
2
0
0
0
0
0
0
2
0
0
0
0
2
0
1
0
0
0
0
3
0
0
0
0
0
1
0
1
0
0
1
0
0
0
0
0
0
0
0
0
2
3
0
1
1
0
2
2
2
3
1
0
0
0
1
0
1
0
0
0
1
1
0
1
0
1
1
1
1
0
1
0
0
0
0
0
1
0
0
0
1
0
1
2
0
0
0
0
0
1
1
0
1
0
1
0
0
0
1
1
1
0
1
1
0
0
0
0
0
1
1
0
0
0
2
0
0
0
0
0
0
3
0
1
0
0
0
0
1
2
1
1
0
1
1
1
3
0
0
0
0
1
0
0
3
1
0
0
0
1
0
0
0
1
0
1
0
1
1
2
0
1
0
0
1
1
0
1
0
1
0
0
2
0
0
1
1
1
1
2
0
1
0
0
1
0
1
0
0
1
0
1
0
1
1
0
0
0
1
0
0
0
0
1
0
0
0
0
1
0
1
0
0
0
0
0
1
0
0
0
1
0
0
0
0
0
0
0
0
1
1
0
0
0
0
0
0
0
0
2
0
2
1
0
0
0
1
0
0
0
0
0
1
1
0
0
0
0
0
0
0
0
0
1
0
0
0
0
0
0
0
0
0
0
0
0
0
0
0
0
0
0
0
0
0
0
0
0
0
0
0
0
0
1
0
1
0
0
0
0
0
0
0
0
0
0
0
0
0
0
0
0
0
0
0
0
0
0
0
0
0
0
0
0
0
0
0
0
1
0
1
0
0
0
0
0
0
0
0
0
0
0
0
0
0
0
0
1
0
0
0
0
0
0
0
1
0
0
0
0
0
0
0
0
0
0
0
0
1
1
1
3
5
13
13
3
1
1
0
0
0
0
0
0
0
0
0
0
0
0
0
0
0
0
0
0
0
0
0
0
0
0
0
0
0
0
0
0
0
0
0
0
1
0
0
0
0
0
0
0
0
0
0
0
0
0
0
0
0
0
0
0
0
0
1
0
0
0
0
0
1
0
0
0
0
0
0
0
0
0
0
0
0
0
0
0
0
1
0
0
0
0
0
0
0
0
0
0
0
0
0
0
0
0
0
0
0
0
0
0
0
0
0
0
0
0
0
0
0
0
0
0
0
0
0
0
0
0
0
0
0
0
0
0
0
0
0
0
0
0
0
0
0
0
0
0
0
0
0
0
0
0
0
0
0
0
0
0
0
0
0
0
0
0
0
0
0
0
0
0
0
0
0
0
0
0
0
0
0
0
0
0
0
0
0
0
0
0
1
0
0
0
0
0
0
0
0
0
0
0
0
0
0
0
0
0
1
0
1
0
0
0
0
0
0
0
0
0
0
0
0
0
0
0
0
0
0
0
0
0
0
0
0
0
0
0
0
0
1
0
0
0
0
0
0
0
0
0
0
0
0
0
0
0
0
0
0
0
0
0
0
0
0
0
0
0
0
0
0
0
0
0
0
0
0
0
0
0
0
1
0
0
0
0
0
0
0
0
0
0
0
0
0
0
0
0
0
0
0
0
0
0
0
0
0
0
0
0
0
0
0
0
0
0
0
0
0
0
0
0
0
0
0
0
0
0
0
0
0
0
0
0
0
0
0
0
0
0
0
0
0
0
0
0
0
1
0
0
0
0
0
0
0
0
0
1
0
0
0
0
0
0
0
0
0
0
0
0
0
0
0
0
0
0
0
0
0
0
0
0
0
0
0
0
0
0
0
0
0
0
0
0
0
0
0
0
0
0
0
0
0
0
0
0
0
0
0
0
0
0
0
0
0
0
0
0
0
0
0
0
0
0
0
0
0
0
0
0
0
0
0
0
0
0
0
0
0
0
0
0
0
0
0
0
0
0
0
0
0
0
0
0
0
0
0
0
0
0
0
0
0
0
0
0
0
0
0
0
0
0
0
0
0
0
0
0
0
0
0
0
0
0
0
0
0
0
0
0
0
0
0
0
0
0
0
0
0
0
0
0
0
0
0
0
0
0
0
0
0
0
0
0
0
0
0
0
0
0
0
0
0
0
0
0
0
0
0
0
0
0
0
0
0
0
0
0
0
0
0
0
0
0
0
0
0
0
0
0
0
0
0
0
0
0
0
0
0
0
0
0
0
0
0
0
0
0
0
0
0
0
0
0
1
0
0
0
0
2
0
0
0
0
0
0
0
0
1
0
0
0
0
0
0
0
0
0
0
0
0
0
0
0
0
0
0
0
0
0
0
0
0
0
0
0
0
0
0
0
0
0
0
0
0
0
0
0
0
0
0
0
0
0
0
0
0
0
0
0
0
0
0
0
0
0
0
0
0
0
0
0
1
0
0
0
0
0
0
0
0
0
0
0
0
0
0
0
0
0
0
0
0
0
0
0
0
0
0
0
0
0
0
0
0
0
0
0
0
0
0
0
0
0
0
0
0
0
0
0
0
0
0
0
0
0
0
0
0
0
0
0
0
0
0
0
0
0
0
0
0
0
0
0
0
0
0
0
0
0
0
0
0
0
0
0
0
0
0
0
0
0
0
0
0
0
0
0
0
0
0
0
0
0
0
0
0
0
0
0
0
0
0
0
0
0
0
0
0
0
0
0
1
0
0
0
0
0
0
0
0
0
0
0
0
0
0
0
0
0
0
0
0
0
0
0
0
0
0
0
0
0
0
0
0
0
1
0
0
0
0
0
0
0
0
0
0
0
0
0
0
0
0
0
0
0
0
0
0
0
0
0
0
0
0
0
0
0
0
0
0
0
0
0
0
0
0
0
0
0
0
0
0
0
0
0
1
0
0
0
0
0
0
0
0
0
0
0
0
1
0
0
0
0
0
0
0
0
0
0
0
0
0
0
0
0
0
0
0
0
0
0
0
0
0
0
0
0
0
0
0
0
0
0
0
0
0
0
0
0
0
0
0
0
0
1
0
0
0
0
0
0
0
0
0
0
0
0
0
0
0
0
0
0
0
0
0
0
0
0
0
0
0
0
0
0
0
0
0
0
0
0
0
0
0
0
0
0
0
0
0
0
0
0
0
0
0
0
0
0
0
0
0
0
0
0
0
0
0
0
0
0
0
0
0
0
0
0
0
0
0
0
0
0
0
0
0
0
0
0
0
0
0
0
0
0
0
0
0
0
0
0
0
0
0
0
0
0
0
0
0
0
0
0
0
0
0
0
0
0
0
0
0
0
0
0
0
1
0
0
0
0
0
0
0
0
0
0
0
0
0
0
0
0
0
0
0
0
0
0
0
0
0
0
0
0
0
0
0
0
0
0
0
0
0
0
0
0
0
0
0
0
0
0
0
0
0
0
0
0
0
0
0
0
0
0
0
0
0
0
0
0
0
0
0
0
0
0
0
0
0
0
0
0
0
0
0
0
0
0
0
0
0
0
0
0
0
0
0
1
0
0
0
0
0
0
0
0
0
0
0
0
0
1
0
0
0
0
0
0
0
0
0
0
0
0
0
0
0
0
0
0
0
0
0
0
0
0
0
0
0
0
0
0
0
0
0
0
0
0
0
0
0
0
0
0
0
0
0
0
0
0
0
0
0
0
0
0
0
0
0
0
0
0
0
0
0
0
0
0
0
0
0
0
0
0
0
0
0
0
0
0
0
0
0
0
0
0
0
0
0
0
0
0
0
0
0
0
0
0
0
0
0
0
0
0
0
0
0
0
0
0
1
0
0
0
0
0
0
0
0
0
0
0
0
0
0
0
0
1
0
0
0
0
0
0
0
0
0
0
0
0
0
0
0
0
0
0
0
0
0
0
0
0
0
0
0
0
0
0
0
0
0
0
0
0
0
0
0
0
0
0
0
0
0
0
0
0
0
0
0
0
0
0
0
0
0
0
1
0
0
0
0
0
0
0
0
0
0
0
0
0
0
0
0
0
0
0
0
0
0
0
0
0
0
0
0
0
0
0
0
0
0
0
0
1
0
0
0
0
0
0
0
0
0
0
0
0
0
0
0
0
0
0
0
0
0
0
0
0
0
0
0
0
0
0
0
0
0
0
0
0
0
0
0
0
0
0
0
0
0
0
0
0
0
0
0
0
0
0
0
0
0
0
1
0
0
0
0
0
0
0
0
0
0
0
0
0
0
0
0
0
0
0
0
0
0
0
0
0
0
0
0
0
0
0
0
0
0
0
1
1
0
0
0
0
1
0
0
0
0
0
0
0
0
0
0
0
0
0
0
0
0
0
0
0
0
0
0
0
0
0
0
0
0
0
0
0
0
0
0
0
0
0
0
0
0
0
0
0
0
1
0
0
0
0
0
0
0
0
0
0
0
0
0
0
0
0
0
0
0
0
0
0
0
0
0
0
0
0
0
1
0
0
0
0
0
0
0
0
0
0
0
0
0
0
0
0
0
0
0
0
0
0
0
0
0
0
0
0
0
0
0
0
0
0
0
0
0
0
0
0
0
0
0
0
0
0
0
0
0
0
0
0
0
0
0
0
0
0
0
0
0
0
0
0
0
0
0
0
0
0
0
0
0
0
0
0
0
0
0
0
0
0
0
0
0
0
0
0
0
0
0
0
0
0
0
0
0
0
0
0
0
0
0
0
0
0
0
0
0
0
0
0
0
0
0
0
0
0
0
0
0
0
0
0
0
0
0
0
0
0
0
0
0
0
0
0
0
0
0
0
0
0
0
0
0
0
0
0
0
0
0
0
0
0
0
0
0
0
0
0
0
0
0
1
0
0
0
0
0
0
0
0
0
0
0
0
0
0
0
0
0
0
0
0
0
0
0
0
0
0
0
0
0
0
0
0
0
0
0
0
0
0
0
0
0
0
0
0
0
1
0
0
0
0
0
0
0
0
0
0
0
0
0
0
0
0
0
0
0
0
0
0
0
0
0
0
0
0
0
0
0
0
0
0
0
0
0
0
0
0
0
0
0
0
0
0
0
0
0
0
0
0
0
0
0
0
0
0
0
0
0
0
0
0
0
0
0
0
0
0
0
0
0
0
0
0
0
0
0
0
0
0
0
0
0
0
0
0
0
0
0
0
0
0
0
0
0
0
0
0
0
0
0
0
0
0
0
0
0
0
0
0
0
0
0
0
0
0
0
0
0
0
0
0
0
0
0
0
0
0
0
0
0
0
0
0
0
0
0
0
0
0
0
0
0
0
0
0
0
0
0
0
0
0
0
0
0
0
0
0
0
0
0
0
0
0
0
0
0
0
0
0
0
0
0
0
0
0
0
0
0
0
0
0
0
0
1
0
0
0
0
0
0
0
0
0
0
0
0
0
0
0
0
0
0
0
0
0
0
0
0
0
0
0
0
0
0
0
0
0
0
0
0
0
0
0
0
0
0
0
0
0
0
0
0
0
0
0
0
0
0
0
0
0
0
0
0
0
0
0
0
0
0
0
0
0
0
0
0
0
0
0
0
0
0
0
0
0
$ROI:
0
$ENER_FIT:
-7.639826 1.266616
$MCA_CAL:
3
-7.639826e+000 1.266616e+000 0.000000e+000
