$SPEC_ID:
ESBS
$SPEC_REM:
$DATE_MEA:
09/23/2021 17:08:13
$MEAS_TIM:
548 600
$DATA:
0 4095
0
0
0
0
0
0
0
0
0
0
0
0
0
0
0
0
0
0
0
0
0
0
0
0
0
0
0
0
0
0
0
0
0
0
0
0
0
0
0
0
0
0
0
0
0
3662
3713
4227
4949
5606
4718
3836
3804
3939
4007
4129
4288
4495
4636
4669
4978
5470
5711
6103
6067
6374
6845
9011
14795
27512
46157
70115
47409
11424
7640
6552
5827
5280
4612
4340
4081
3877
3844
3834
3579
3558
3286
3301
3194
3238
3160
3035
3138
3014
3034
2956
2859
2998
2962
2812
2928
2811
2905
2865
2806
2795
2777
2780
2752
2718
2864
2924
2842
2952
2881
2971
3005
3018
3081
3007
2987
2971
3041
3108
3222
3415
3474
3401
3497
3436
3490
3519
3620
3898
4337
4208
3304
3099
2970
2979
2958
2915
2888
2960
2848
2823
2894
2835
2849
2961
2978
2943
3043
3186
3078
3167
3080
3018
3208
3230
3245
3249
3330
3390
3330
3344
3369
3235
3187
3144
3165
2990
2760
2645
2579
2503
2410
2329
2222
2173
2227
2227
2294
2312
2676
2245
2007
1814
1860
1749
1699
1644
1599
1540
1488
1412
1338
1456
1296
1254
1186
1210
1127
1154
1116
1030
1029
1024
1021
976
989
973
865
872
945
928
877
862
822
780
815
863
1108
1589
2894
4882
7849
6532
1888
1247
1132
927
880
835
806
722
712
684
709
691
740
732
801
1216
2543
5400
9758
16670
14431
3681
1868
1494
1241
1137
958
812
752
747
685
663
639
615
584
556
588
531
530
508
498
496
494
490
456
489
456
464
445
479
494
485
444
503
473
598
917
1940
4791
11889
23608
42019
44897
12485
4146
3173
2564
2148
1729
1360
1210
978
1040
922
866
780
777
667
702
770
1165
1908
3440
5878
6490
2342
970
749
608
568
493
408
380
361
302
278
294
283
239
271
245
241
229
224
233
209
221
201
196
191
207
194
192
195
183
200
229
201
205
207
222
228
227
259
323
395
368
196
145
117
115
108
115
138
112
119
105
113
90
90
101
103
91
95
88
109
113
112
82
91
91
91
84
87
69
81
84
84
72
79
81
83
93
91
77
70
69
73
79
75
67
92
74
73
80
74
86
76
85
75
78
61
83
84
85
95
70
74
93
60
79
74
52
59
56
71
62
54
59
56
69
60
59
52
59
57
60
57
69
70
55
54
52
48
59
49
46
60
44
47
39
48
42
43
54
50
44
45
54
57
51
53
36
46
42
49
30
48
40
41
47
54
51
50
49
42
42
30
38
46
26
39
43
29
31
37
30
42
43
37
51
53
72
64
35
44
47
42
33
37
36
42
42
32
40
40
31
35
43
37
39
37
34
32
33
26
28
33
39
33
29
30
37
45
38
36
45
37
46
42
35
28
25
23
28
23
20
32
19
23
28
35
37
28
20
23
30
20
27
25
25
30
24
25
27
20
23
18
26
17
22
23
26
31
30
36
33
40
32
47
34
32
36
23
29
12
19
16
11
10
16
11
15
13
11
20
18
14
13
18
15
15
22
17
20
17
11
11
15
11
10
13
6
6
9
10
11
12
11
10
10
15
11
13
11
9
13
11
11
6
10
13
12
5
9
8
8
6
8
5
7
12
10
11
7
7
5
9
3
8
6
7
6
9
5
8
10
7
10
12
5
10
8
6
3
6
5
7
18
4
7
2
10
12
9
7
6
10
8
5
8
13
8
7
6
3
9
6
8
8
3
7
7
3
9
7
5
4
7
6
6
5
10
5
4
5
9
4
5
6
8
11
8
5
5
7
11
7
6
5
9
8
6
5
8
5
12
6
4
9
7
6
7
5
10
4
10
9
10
6
5
12
15
10
4
8
7
9
6
4
6
4
5
9
7
2
4
4
12
7
7
10
4
5
3
4
7
7
4
7
14
9
6
4
8
2
8
5
6
4
10
9
3
5
11
6
10
11
14
9
5
4
8
5
7
6
12
5
3
4
0
12
5
3
4
5
7
2
6
4
7
4
5
4
7
6
8
5
4
4
6
5
11
6
2
3
7
11
6
7
5
9
9
7
2
1
4
6
7
7
6
4
5
7
5
5
6
4
5
7
10
5
2
3
8
6
7
1
5
6
1
5
6
6
5
12
4
4
8
7
2
6
13
7
6
8
3
7
6
5
6
6
6
8
6
5
5
1
2
2
4
8
5
3
3
4
5
5
3
7
3
7
6
7
5
5
9
14
13
7
7
6
4
5
5
7
5
4
6
3
6
2
6
3
5
5
5
8
4
7
3
1
5
7
8
7
6
6
12
4
6
2
4
4
2
3
5
3
5
5
7
4
7
5
11
1
3
3
3
4
3
6
7
1
5
5
2
3
5
3
4
7
5
4
4
7
3
4
6
4
3
7
5
4
2
8
5
4
7
4
6
4
6
3
2
5
3
5
5
4
6
14
5
5
7
5
6
1
3
5
5
4
7
12
2
6
2
0
4
1
1
2
8
1
5
3
2
6
5
5
5
7
6
7
2
1
5
2
3
3
2
2
6
5
6
3
2
3
2
3
1
3
2
3
1
3
7
5
3
0
4
4
2
3
4
3
2
7
1
4
2
2
3
4
3
1
2
1
1
6
3
2
0
0
4
5
3
4
1
0
1
2
2
3
2
1
0
3
1
2
4
5
2
4
6
2
3
1
4
3
1
1
9
5
3
2
4
3
1
3
3
2
0
3
5
2
1
2
4
0
1
0
3
5
5
6
8
2
1
2
5
2
3
0
0
0
4
0
2
1
3
3
2
2
3
1
1
3
1
0
1
2
1
2
3
2
0
2
5
1
1
2
1
3
6
11
17
46
59
33
8
5
7
6
3
1
3
1
2
5
1
2
0
0
2
2
3
2
2
6
0
2
3
1
2
1
0
1
1
5
4
3
0
1
2
4
2
2
1
2
2
0
1
3
0
1
1
3
0
0
2
0
1
0
2
1
1
1
0
1
2
1
3
0
2
2
1
2
3
1
3
0
0
0
2
0
0
1
0
1
1
0
0
1
0
0
2
1
0
0
1
2
0
1
2
1
0
3
4
2
1
0
3
7
1
1
1
1
3
0
0
2
1
2
0
2
2
2
1
0
1
1
1
2
3
1
0
4
3
1
3
1
0
1
1
0
0
1
1
3
1
2
3
1
1
1
1
1
2
0
1
4
0
1
1
2
1
1
0
2
0
1
1
1
0
2
0
3
2
3
2
0
0
0
0
1
1
0
1
0
0
0
1
0
1
2
0
0
0
3
1
1
0
1
1
0
1
1
0
0
0
0
0
0
0
0
0
3
0
0
2
0
1
3
0
0
0
0
0
0
2
1
1
0
0
1
0
1
0
1
0
1
1
1
1
2
2
5
4
8
8
2
2
1
3
0
0
1
1
0
2
0
1
3
0
1
0
1
1
1
0
2
1
1
1
2
0
0
2
0
2
0
2
0
0
0
2
0
0
1
1
1
2
1
0
3
2
0
1
0
0
1
1
1
0
1
0
1
1
0
1
0
0
0
1
1
2
2
1
0
0
0
1
0
1
0
1
2
0
1
0
2
0
0
1
1
2
1
0
4
0
0
0
0
0
0
1
1
0
1
1
0
0
0
0
1
2
1
2
0
2
1
1
0
1
3
1
0
0
2
2
1
0
1
2
0
2
0
1
1
0
1
1
1
1
0
0
0
0
0
0
2
0
0
0
0
1
0
0
0
0
0
0
1
1
0
0
1
1
1
1
0
0
1
0
1
2
1
0
2
0
1
0
0
0
0
0
0
1
0
0
0
0
0
0
1
1
2
1
0
0
2
0
4
0
0
0
0
0
1
0
0
1
0
1
0
1
0
1
0
1
0
1
0
0
0
0
0
0
0
0
0
0
0
0
1
1
0
1
1
0
1
0
0
1
1
1
1
0
0
0
0
1
1
0
0
0
1
0
0
0
0
0
0
1
0
0
0
0
0
1
1
0
1
2
0
2
4
2
1
0
0
2
0
1
1
0
1
2
2
5
1
0
2
0
1
0
1
1
1
0
0
0
0
1
0
1
0
0
0
1
1
0
1
0
0
1
1
1
0
0
0
0
0
1
0
0
1
0
0
1
0
1
0
1
1
0
0
1
0
0
0
0
0
0
0
0
0
2
0
0
0
0
1
1
1
0
1
0
3
0
1
3
1
0
0
0
0
0
0
0
0
0
0
0
1
2
1
0
0
0
0
0
1
0
1
0
3
1
1
2
0
0
0
0
0
0
1
2
0
0
0
1
0
1
0
0
0
1
1
0
0
0
0
1
1
4
0
0
0
1
0
0
0
0
1
0
0
1
2
1
0
0
0
0
2
2
0
0
1
1
0
0
0
0
0
2
0
1
1
1
0
0
0
1
0
0
0
0
0
0
1
0
0
1
0
0
0
0
0
1
0
1
1
0
0
0
1
0
0
1
0
0
0
0
0
0
0
1
0
1
0
1
0
1
1
0
0
0
1
0
1
0
0
0
0
0
0
0
0
0
0
0
0
1
0
1
0
0
0
0
0
1
1
0
0
0
1
0
0
1
0
0
0
0
0
0
0
0
0
0
1
2
0
1
1
1
0
0
1
2
0
1
3
0
0
0
0
0
0
0
1
0
0
0
0
0
0
0
0
1
0
0
1
0
1
0
0
1
0
0
0
0
0
0
0
0
0
0
1
1
0
0
0
0
0
1
0
0
0
0
0
0
0
0
0
0
0
0
0
0
0
0
0
0
0
0
0
0
0
0
0
1
1
0
0
0
0
0
1
0
0
0
1
0
0
0
1
0
0
1
1
0
0
0
1
0
0
0
0
0
0
0
0
0
2
0
0
0
0
0
0
0
1
0
0
0
0
0
0
0
0
0
0
0
0
2
0
1
1
3
3
3
6
8
1
0
0
1
0
1
0
0
0
0
1
0
0
1
1
0
0
0
0
0
0
0
0
1
0
0
0
1
0
0
0
0
0
0
0
0
0
0
0
0
0
0
0
0
0
0
0
0
0
0
0
0
0
0
0
0
0
0
0
0
0
0
0
0
0
0
0
0
0
0
0
0
0
0
0
0
0
0
0
0
0
0
1
0
0
0
0
0
0
0
0
0
0
0
0
0
0
0
0
0
0
0
0
0
0
0
1
0
0
0
0
0
0
0
0
0
0
0
0
0
0
0
0
0
0
0
0
0
0
0
0
0
0
0
0
0
0
0
0
0
0
0
0
0
0
0
0
0
0
0
0
0
0
0
0
0
0
0
0
0
0
0
0
0
0
1
0
0
0
0
0
0
0
0
0
0
0
0
0
0
0
0
0
0
0
0
0
0
0
0
0
0
0
0
0
0
0
0
0
0
0
0
0
0
0
0
0
0
0
0
0
1
0
0
0
0
0
0
0
0
0
0
0
0
0
0
0
0
0
0
0
0
0
0
0
0
0
0
0
0
0
0
0
0
0
0
0
0
0
0
0
0
0
0
0
0
0
0
0
0
0
0
0
0
0
0
0
0
0
0
0
0
0
0
0
0
0
0
0
0
0
0
0
0
0
0
0
0
0
0
0
0
0
0
0
0
0
0
0
0
0
0
0
0
0
0
0
0
0
0
0
0
0
0
0
0
0
0
0
0
0
0
0
0
0
0
0
0
0
0
0
0
0
0
0
0
0
0
0
0
0
0
0
0
0
0
0
0
0
0
0
0
0
0
0
0
0
0
0
0
0
0
0
0
0
0
1
0
0
0
0
0
0
0
0
0
0
0
0
0
0
0
0
0
0
0
0
0
0
0
0
0
0
0
1
0
0
0
0
0
0
0
0
0
0
0
0
0
0
0
0
0
0
0
0
0
0
0
0
0
0
0
0
0
0
1
0
0
1
0
0
0
0
1
1
0
0
0
0
0
0
0
0
0
0
0
0
0
0
0
0
0
0
0
0
0
0
0
0
1
0
0
0
0
0
0
0
0
0
0
0
0
0
0
0
0
0
0
0
0
0
0
0
0
0
0
0
0
0
0
0
0
0
0
0
0
0
0
0
0
0
0
0
0
0
0
0
0
0
0
0
0
0
0
0
0
0
0
0
0
0
0
0
0
0
0
0
0
0
0
0
0
0
0
0
0
0
0
0
0
0
1
0
0
0
0
0
0
0
0
0
0
0
1
0
0
0
0
0
0
0
0
0
0
0
0
0
0
0
0
0
0
0
0
0
0
0
0
1
0
0
0
0
0
0
0
0
0
0
0
0
0
0
0
0
0
0
0
0
0
0
0
0
0
0
0
0
0
0
0
0
0
0
0
0
0
0
0
0
0
0
0
0
0
0
0
0
0
0
0
0
0
0
0
0
0
0
0
0
0
0
0
0
0
0
0
0
0
0
0
0
0
0
0
0
0
0
0
0
0
0
0
0
0
0
0
0
0
0
0
0
0
0
0
0
0
0
0
0
0
0
0
0
0
1
0
0
0
0
0
0
0
0
0
0
0
0
0
0
0
0
0
0
0
0
0
0
0
0
0
0
0
0
0
0
0
0
0
0
0
0
0
0
0
0
0
0
0
0
0
0
0
0
0
0
0
0
0
0
0
0
0
0
0
0
0
0
0
0
0
0
0
0
0
0
0
0
0
0
0
0
0
0
0
0
0
0
0
0
0
0
0
1
0
0
0
0
0
0
0
0
0
0
0
0
0
0
0
0
0
0
0
0
0
0
0
0
0
0
0
0
0
1
0
0
0
0
0
0
0
0
0
0
0
0
0
0
0
0
0
0
0
0
0
0
0
0
0
0
0
0
0
0
1
0
0
0
0
0
0
0
0
0
0
0
0
0
0
0
0
0
1
0
0
0
0
0
0
0
0
0
0
0
0
0
0
0
0
0
0
0
0
0
0
0
0
0
0
0
0
0
0
0
0
1
0
0
0
0
0
0
0
0
0
0
0
0
0
0
0
0
0
0
0
0
0
0
0
0
0
0
0
1
0
0
1
0
0
0
0
0
0
0
0
0
0
0
0
0
0
0
0
0
0
0
0
0
0
0
0
0
0
0
0
0
0
0
0
0
0
0
0
0
0
0
0
0
0
0
0
0
0
0
0
0
0
1
0
0
0
0
0
0
0
0
0
0
0
0
0
0
0
0
0
0
0
0
0
0
0
0
0
0
0
0
0
0
0
0
0
0
0
0
0
0
0
0
0
0
0
0
0
0
0
0
0
0
0
0
0
0
0
0
0
0
0
0
0
0
0
0
0
0
0
0
0
0
0
0
0
0
0
1
0
0
0
0
0
0
0
0
0
0
0
0
0
0
0
0
0
0
0
0
0
0
0
0
1
0
0
0
0
0
0
0
0
0
0
0
0
0
0
0
0
0
0
0
0
0
0
0
0
0
1
0
0
0
0
0
0
0
0
0
0
0
0
0
0
0
0
0
0
0
0
0
0
0
0
0
0
0
0
0
0
0
0
0
0
0
0
0
0
0
0
0
0
0
0
0
0
0
0
1
0
0
0
0
0
0
0
0
0
0
0
0
0
0
0
0
0
0
0
0
0
0
0
0
0
0
0
0
0
0
0
0
0
0
0
0
0
0
0
0
0
0
0
0
0
0
0
0
0
0
0
0
0
0
0
0
0
0
0
0
0
0
0
0
0
0
0
0
0
0
0
0
0
0
0
0
0
0
0
0
0
0
0
0
0
0
0
0
0
0
0
0
0
0
0
0
0
0
0
0
0
0
0
0
0
0
0
0
0
0
0
0
0
0
0
0
0
0
0
0
0
0
0
0
0
0
0
0
0
0
0
0
0
0
0
0
0
0
0
0
0
0
0
0
0
0
0
0
0
0
0
0
0
0
0
0
0
0
0
0
0
0
0
0
0
0
0
0
0
0
0
0
0
0
0
0
0
0
0
0
0
0
0
0
0
0
0
0
0
0
0
0
0
0
0
0
0
0
0
0
0
0
0
0
0
0
0
0
0
0
1
0
0
0
0
0
0
0
0
0
0
0
0
0
0
0
0
0
0
0
0
0
0
0
0
0
0
0
0
0
0
0
0
0
0
0
0
0
0
0
0
0
0
0
0
0
0
0
0
0
0
0
0
0
0
0
0
0
0
0
0
0
0
0
0
0
0
0
0
0
1
0
0
0
0
0
0
0
0
0
0
0
0
0
0
0
0
0
0
0
0
0
0
0
0
0
0
0
0
0
0
0
0
0
0
0
0
0
0
0
0
0
0
0
0
0
0
0
0
0
0
0
0
0
0
0
0
0
0
0
0
0
0
0
0
0
0
0
0
0
0
0
0
0
0
0
0
0
0
0
0
0
0
0
0
0
0
0
0
0
0
0
0
0
0
0
0
0
0
0
0
0
0
0
0
0
0
0
0
0
0
0
0
0
0
0
0
0
0
0
0
0
0
0
0
0
0
0
0
0
0
0
0
0
0
0
0
0
0
0
0
0
0
0
0
0
0
0
0
0
0
0
0
0
0
0
0
0
0
0
0
0
0
0
0
0
0
0
0
0
0
0
0
0
0
0
0
0
1
0
0
0
0
0
0
0
0
1
0
0
0
0
0
0
0
0
0
0
0
0
0
0
0
0
0
0
0
0
0
0
0
0
0
0
0
0
0
0
0
0
0
0
0
0
0
0
0
0
0
0
0
0
0
0
0
0
0
0
0
0
0
0
0
0
1
0
0
0
0
0
0
0
0
0
0
0
0
0
0
0
0
0
0
0
0
0
0
0
0
0
0
0
0
0
0
0
0
0
0
0
0
0
0
0
0
0
0
0
0
0
0
0
0
0
0
0
0
0
0
0
0
0
0
0
0
0
0
0
0
0
0
0
0
0
0
0
0
0
0
0
0
0
0
0
0
0
0
0
0
0
0
0
0
0
0
0
0
0
0
0
0
0
0
0
0
0
0
0
0
0
0
0
0
0
0
0
0
0
0
0
0
0
0
0
0
0
0
0
0
0
0
0
0
0
0
0
0
0
0
0
0
0
0
0
0
0
0
0
0
0
0
0
0
0
0
0
0
0
0
0
0
0
0
0
0
0
0
0
0
0
0
0
0
0
0
0
0
0
0
0
0
0
0
0
0
0
0
0
0
0
0
0
0
0
0
0
0
0
0
0
0
0
0
0
0
0
0
0
0
0
0
0
0
0
0
0
0
0
0
0
0
0
0
0
0
0
0
0
0
0
0
0
0
0
0
0
0
0
0
0
0
0
0
0
0
0
0
0
0
0
0
0
0
0
0
0
0
0
0
0
0
0
0
0
0
0
0
0
0
0
0
0
0
0
0
0
0
0
0
0
0
0
0
0
0
0
0
0
0
0
0
0
0
0
0
0
0
0
0
0
0
0
0
0
0
0
0
0
0
0
0
0
0
0
0
0
0
0
0
0
0
0
0
0
0
0
0
0
0
0
0
0
0
0
0
0
0
0
0
0
0
0
0
0
0
0
0
0
0
0
$ROI:
0
$ENER_FIT:
-7.639826 1.266616
$MCA_CAL:
3
-7.639826e+000 1.266616e+000 0.000000e+000
