$SPEC_ID:
ESBS
$SPEC_REM:
$DATE_MEA:
09/23/2021 16:18:44
$MEAS_TIM:
571 600
$DATA:
0 4095
0
0
0
0
0
0
0
0
0
0
0
0
0
0
0
0
0
0
0
0
0
0
0
0
0
0
0
0
0
0
0
0
0
0
0
0
0
0
0
0
0
0
0
0
0
1273
1316
1267
1336
1337
1357
1397
1390
1308
1355
1448
1342
1349
1446
1379
1370
1418
1482
1533
1604
1578
1667
1677
1497
1477
1443
1513
1512
1464
1434
1552
1470
1590
1548
1570
1553
1504
1585
1513
1468
1515
1443
1457
1392
1355
1431
1410
1401
1412
1406
1410
1411
1414
1442
1472
1437
1421
1390
1405
1372
1410
1442
1414
1392
1367
1374
1296
1331
1401
1291
1338
1396
1348
1389
1367
1316
1350
1359
1299
1318
1351
1311
1274
1366
1265
1248
1255
1260
1283
1197
1286
1197
1264
1322
1293
1218
1285
1202
1283
1245
1187
1272
1193
1306
1285
1324
1311
1415
1443
1500
1572
1518
1431
1451
1493
1437
1426
1353
1389
1349
1313
1219
1242
1326
1220
1257
1192
1188
1232
1195
1156
1163
1162
1183
1167
1154
1121
1100
1142
1172
1088
1186
1120
1103
1154
1161
1094
1099
1131
1109
1087
1127
1188
1068
1113
1153
1129
1175
1122
1180
1145
1081
1151
1125
1177
1150
1127
1115
1153
1100
1207
1172
1212
1207
1155
1163
1151
1186
1112
1226
1210
1178
1161
1142
1153
1111
1146
1149
1149
1149
1107
1112
1138
1099
1163
1146
1177
1253
1064
1096
1103
1116
1082
1099
1171
1116
1006
1154
1035
1086
1039
1042
1068
992
1108
1022
1054
1033
959
1021
997
1065
1000
1014
1037
1046
989
1068
1024
980
1044
999
1019
1011
990
1017
961
1019
970
1008
1109
990
1052
954
977
968
1001
1042
1003
1003
1007
978
986
976
990
955
1010
990
1032
912
1015
1071
1031
980
993
1054
1014
996
995
1018
988
991
971
1091
1021
1016
1087
1026
978
984
1069
1091
1045
1102
1096
1061
1077
1092
1150
1120
1112
1146
1162
1149
1204
1157
1185
1149
1240
1222
1215
1173
1236
1266
1296
1210
1292
1245
1262
1227
1305
1346
1384
1387
1410
1400
1387
1449
1393
1471
1489
1505
1602
1499
1509
1508
1516
1633
1542
1603
1562
1614
1546
1559
1533
1524
1525
1538
1429
1347
1322
1211
1041
1091
1012
978
927
892
843
862
806
855
805
775
784
762
718
732
696
698
665
651
657
621
635
602
574
634
579
565
533
525
528
518
494
506
443
432
458
444
425
431
416
387
410
371
372
360
333
369
346
352
350
329
294
288
270
304
256
255
270
240
265
209
221
197
207
220
194
212
193
183
193
166
164
196
171
173
172
168
189
167
133
176
176
195
166
162
148
149
154
133
136
145
146
139
144
165
159
139
119
129
153
148
161
166
185
154
145
140
135
132
133
110
117
154
119
131
147
148
124
124
137
136
130
149
131
133
140
154
146
150
141
138
146
138
150
145
172
200
332
553
1165
2623
5543
9110
15890
33340
29295
5303
1070
820
689
561
569
522
461
386
384
363
333
314
270
259
251
260
216
220
209
190
185
180
155
147
152
147
126
122
126
110
110
110
109
103
98
100
85
103
86
87
77
72
43
62
62
61
53
61
56
55
49
36
41
54
39
45
30
25
31
30
27
29
35
19
36
44
31
26
32
27
32
22
29
31
29
16
22
34
39
34
26
38
38
34
30
39
38
32
30
16
25
29
35
32
20
24
31
22
23
32
23
30
24
21
30
22
26
28
19
23
29
23
22
30
25
28
20
32
23
31
24
17
30
34
32
25
22
26
20
24
17
28
22
21
35
38
19
23
18
22
27
29
25
23
25
26
23
20
29
26
19
19
25
18
20
29
23
27
24
15
20
21
17
28
24
29
24
18
17
24
19
21
14
18
18
12
25
22
27
25
20
21
17
26
25
17
17
25
18
19
23
25
25
27
19
23
27
16
18
16
18
17
18
17
20
19
20
16
10
21
18
22
21
12
16
24
7
14
22
15
15
13
12
19
17
15
8
22
13
18
19
9
11
16
16
17
23
19
15
18
18
16
23
12
15
13
15
16
19
13
11
14
17
16
16
15
13
14
15
23
5
12
10
13
19
12
13
21
10
13
13
14
21
9
16
17
16
14
9
5
10
11
11
7
10
15
9
18
15
14
8
12
15
7
10
15
16
8
12
12
5
15
14
21
10
7
13
13
15
12
11
12
10
12
9
8
15
20
18
16
16
5
15
12
11
14
14
14
9
4
12
7
14
10
15
13
17
14
10
12
19
7
14
10
9
15
13
9
5
16
9
8
9
5
11
10
9
12
9
12
13
26
14
24
11
15
9
12
10
8
12
14
11
12
12
5
9
13
9
11
7
7
15
6
5
9
8
6
12
5
8
12
6
12
6
6
10
4
6
6
3
5
1
7
13
11
7
3
13
12
8
8
2
10
3
6
10
6
4
6
3
9
8
4
5
9
5
7
6
6
6
6
7
4
7
4
11
3
9
8
9
6
10
7
6
10
7
8
6
8
7
5
8
13
18
9
7
7
7
8
7
8
5
3
7
5
9
8
7
2
11
11
5
8
7
5
9
3
4
9
4
4
8
10
6
6
5
5
8
5
9
7
7
4
6
5
6
3
6
8
4
5
10
8
12
5
8
10
9
15
9
7
7
4
10
5
3
10
6
3
5
10
6
1
0
5
8
4
2
4
4
2
4
11
5
2
6
3
1
3
1
1
2
3
2
1
2
2
2
4
8
3
1
4
2
3
3
4
1
3
4
2
1
5
3
3
4
1
6
0
2
2
3
1
0
3
1
3
2
3
2
1
1
0
3
3
1
9
2
1
7
1
2
2
3
3
6
2
2
3
0
2
1
3
4
2
0
3
2
2
2
1
5
2
3
0
2
2
5
2
0
0
2
3
4
1
4
8
16
23
36
46
37
16
6
4
4
1
2
4
0
4
2
1
5
4
3
2
1
2
2
1
2
2
4
3
3
5
3
2
3
3
5
0
3
1
1
1
1
3
4
2
3
3
2
2
1
2
1
1
2
2
3
2
1
1
1
1
0
1
2
0
3
1
0
3
2
2
1
1
1
2
1
2
0
2
0
2
3
1
2
5
0
0
0
1
1
2
1
1
3
0
0
2
3
4
2
1
4
2
0
1
2
3
2
3
0
1
3
1
0
0
2
2
1
1
0
0
0
0
2
0
1
2
4
1
1
1
1
0
1
3
1
1
0
1
1
0
2
1
0
2
0
0
2
3
1
0
5
1
2
0
0
0
1
3
1
0
3
1
0
2
1
2
2
1
0
1
0
1
1
0
1
0
1
0
2
2
0
2
1
2
1
0
1
2
1
3
1
1
0
3
1
3
2
1
0
0
0
0
1
1
0
1
1
0
1
0
2
1
0
1
1
0
1
2
0
0
1
2
1
1
1
0
1
1
1
0
1
0
2
1
1
0
1
0
0
3
1
0
3
6
7
11
6
1
0
4
2
1
0
0
1
1
2
0
1
0
0
1
0
1
2
0
1
0
1
1
1
2
1
1
1
1
1
1
0
0
1
1
0
1
1
1
1
1
0
1
1
1
0
1
1
0
1
2
1
0
1
3
0
2
0
0
1
1
2
1
1
2
1
1
2
0
0
2
0
1
1
0
0
0
2
0
2
0
2
0
0
0
0
1
0
0
0
0
1
2
1
0
1
0
1
0
2
1
0
0
1
1
0
1
0
0
0
1
0
1
0
1
1
3
1
0
1
2
1
1
1
1
3
0
1
0
0
1
1
1
1
2
0
0
0
0
1
0
1
1
0
0
2
1
1
0
1
0
0
1
1
2
1
0
1
0
1
1
3
0
1
1
0
1
1
2
1
1
0
0
0
2
1
0
0
0
0
0
0
0
0
0
0
0
1
0
2
0
0
0
0
0
1
0
1
0
1
0
1
1
1
0
2
0
0
0
0
1
2
1
1
0
1
1
0
1
1
0
0
2
0
1
0
0
0
1
2
0
1
2
2
1
1
1
1
0
1
0
0
0
1
1
0
0
0
2
2
1
0
1
0
2
1
1
0
1
0
0
0
3
1
2
2
2
1
0
0
0
1
0
0
0
0
0
1
0
0
2
1
0
0
0
2
0
1
0
0
0
1
0
0
0
1
2
2
1
0
0
1
1
0
0
0
0
1
0
1
1
0
0
0
0
1
0
0
0
1
0
2
1
1
0
0
3
1
2
0
0
0
1
1
1
0
0
1
1
2
0
0
0
3
6
1
2
2
2
0
0
2
0
0
0
0
0
1
1
0
2
0
0
0
0
1
1
0
0
1
1
1
1
0
0
0
2
0
1
0
2
0
0
0
0
0
0
2
0
0
1
0
0
0
4
0
2
2
1
0
0
0
0
0
1
0
0
0
0
1
1
0
0
0
1
2
1
0
1
0
0
3
2
0
0
1
1
2
1
0
0
0
1
0
1
0
2
1
0
1
0
0
0
0
0
0
0
1
0
0
0
0
1
0
0
0
0
0
1
1
1
0
1
1
1
1
0
1
0
0
1
0
0
0
2
0
0
1
0
1
2
1
0
1
1
1
0
1
1
0
1
0
0
0
1
0
0
1
2
0
0
0
0
0
0
1
0
3
0
0
2
0
0
1
0
0
1
0
0
1
1
0
2
1
0
0
0
1
0
0
0
0
0
0
1
0
1
1
1
1
0
0
1
1
1
0
0
0
0
0
0
0
0
0
0
0
0
1
0
0
0
0
0
1
0
0
0
0
0
0
0
0
1
0
0
0
1
1
0
0
0
0
2
0
0
0
0
0
0
0
0
0
0
0
0
0
0
0
0
0
0
0
0
0
0
0
0
0
0
0
0
0
0
0
0
0
0
0
0
0
0
0
0
1
0
0
0
0
0
0
0
0
0
0
0
0
0
0
0
0
0
1
0
0
0
0
0
0
0
0
0
0
0
0
0
0
0
0
0
0
0
0
0
0
1
0
2
0
1
3
4
4
4
4
3
1
0
0
0
0
0
0
0
0
0
0
0
0
0
1
0
0
0
0
0
0
0
0
0
0
0
0
0
0
0
0
0
0
0
0
0
0
0
0
0
0
0
0
0
0
0
0
0
0
0
0
0
0
0
0
0
0
0
0
0
0
0
0
0
0
0
0
0
0
0
0
0
0
0
0
0
0
0
0
0
0
0
0
0
0
0
0
0
0
0
0
0
0
0
0
0
0
0
0
0
0
0
0
0
0
0
0
0
0
0
0
0
0
0
1
0
0
0
0
0
0
0
0
0
0
0
0
0
0
0
0
0
0
0
0
0
1
0
0
0
0
0
0
0
0
0
0
0
0
0
0
0
0
0
0
0
0
0
0
0
0
0
0
0
0
0
0
0
0
0
0
0
0
0
0
1
0
0
0
0
0
0
0
0
0
0
0
0
0
0
0
0
0
0
0
0
0
0
0
0
0
0
0
0
0
0
0
0
0
0
0
0
0
0
0
1
0
0
0
0
0
0
0
0
1
0
0
0
0
0
0
0
0
0
0
0
0
0
0
0
0
0
0
0
0
0
0
0
0
0
0
0
0
0
0
0
0
0
0
0
0
1
0
0
0
0
0
0
0
0
0
0
0
0
0
0
0
0
0
0
0
0
0
0
0
0
0
0
0
0
0
0
0
0
0
0
0
0
1
0
0
0
0
0
0
0
0
0
0
0
0
0
0
0
0
0
0
0
0
0
0
0
0
0
0
0
0
0
0
0
0
0
0
0
1
0
0
1
0
0
0
0
0
0
0
0
0
0
0
0
0
0
0
0
0
0
0
0
0
0
0
0
0
0
0
0
0
0
0
0
0
0
0
0
0
0
0
0
0
0
0
0
0
0
0
0
0
0
0
0
0
0
0
0
0
0
0
0
0
0
0
0
0
0
0
0
0
0
0
0
0
0
0
0
0
0
0
0
0
0
0
0
0
1
0
0
0
0
0
0
0
0
0
0
0
0
0
0
0
0
0
0
0
0
0
0
0
0
0
0
0
1
0
0
0
0
0
0
0
0
0
0
0
0
0
0
0
0
0
0
0
0
0
0
0
0
0
0
0
0
0
0
0
0
0
0
0
0
0
0
0
0
0
0
0
0
0
0
0
0
0
0
0
0
0
0
0
0
0
0
0
0
0
0
0
0
0
0
1
0
0
0
0
0
0
1
0
0
1
0
0
0
1
0
0
0
0
0
0
0
0
0
0
0
0
0
0
0
0
0
0
0
0
0
0
0
0
0
0
0
0
0
0
0
0
0
0
0
0
0
0
0
0
0
0
0
0
0
0
0
0
0
0
0
0
0
0
0
0
0
0
0
0
0
0
0
0
0
0
0
0
0
0
0
0
0
1
0
0
0
0
0
0
0
0
0
0
0
0
0
0
0
0
0
0
0
0
0
0
0
0
0
0
0
0
0
0
0
0
1
0
0
0
0
0
0
0
0
0
0
0
0
0
0
0
0
0
0
0
0
0
0
0
0
0
0
0
0
1
0
0
0
0
0
0
0
0
0
0
0
0
0
0
0
0
0
0
0
0
0
0
0
0
0
0
0
0
0
0
0
0
0
0
0
0
0
0
0
0
0
0
0
0
0
0
0
0
0
0
0
0
0
0
0
0
0
1
0
0
0
0
0
0
0
0
0
0
0
0
0
0
0
0
0
0
0
0
0
0
0
0
0
0
0
0
0
0
0
0
0
0
0
0
0
0
0
0
1
0
0
0
1
0
0
0
0
0
0
0
0
0
0
0
0
0
0
0
0
0
0
0
0
0
0
0
0
0
0
0
0
0
0
0
0
1
0
0
0
0
0
0
0
0
1
0
0
0
0
0
0
0
0
0
0
0
0
0
0
0
0
0
0
0
0
0
0
0
0
0
0
0
0
0
0
0
0
0
0
0
0
0
0
0
0
0
0
0
0
0
0
0
0
0
0
0
0
0
0
0
0
0
0
0
0
0
0
0
0
0
0
0
0
0
0
0
0
1
0
0
0
0
0
0
0
0
0
0
0
0
0
0
0
0
0
0
0
0
0
0
0
0
0
0
0
0
0
0
0
0
0
0
0
0
0
0
0
1
0
1
0
0
0
0
0
1
0
0
0
0
0
0
0
0
0
0
0
0
0
0
0
0
0
0
0
0
0
0
0
0
0
0
0
0
0
0
0
0
0
0
0
0
0
0
0
0
0
0
0
0
0
0
0
0
0
1
0
0
0
0
0
0
0
0
0
0
0
0
0
0
0
0
0
0
0
0
0
0
0
0
0
0
0
0
0
0
0
0
0
0
0
0
0
0
0
0
0
0
0
0
0
0
0
0
0
0
0
0
0
0
0
0
0
0
0
0
0
0
0
0
0
0
0
0
0
0
0
0
0
0
0
0
0
0
0
0
0
0
0
0
0
1
0
0
0
0
0
0
1
0
0
0
0
0
0
0
0
0
0
0
0
0
0
0
0
0
0
0
0
0
0
0
0
0
0
0
0
0
0
0
0
0
1
0
0
0
0
0
0
1
0
0
0
0
0
0
0
0
0
0
0
0
0
1
0
0
0
0
0
0
0
0
0
0
0
0
0
0
0
0
0
0
0
0
0
0
0
0
0
0
0
0
0
0
0
0
0
0
0
0
0
0
0
0
0
0
0
0
0
0
0
0
0
0
0
0
0
0
0
0
1
0
0
0
0
0
0
0
0
1
0
0
0
0
0
0
0
0
0
0
0
0
0
0
0
0
0
0
0
0
0
0
0
0
0
0
0
0
0
0
0
0
0
0
0
0
0
0
0
0
0
0
0
0
0
0
0
0
0
0
0
0
0
0
1
0
0
0
0
0
0
0
0
0
0
0
0
0
0
0
0
0
0
0
0
0
0
0
0
0
0
0
0
0
0
0
0
0
0
0
0
1
0
0
0
0
0
0
0
0
0
0
0
0
0
0
0
0
0
0
0
0
0
0
0
0
0
0
0
0
0
0
0
0
0
0
0
0
0
0
0
0
0
0
0
0
0
0
0
0
0
0
0
0
0
0
0
0
0
0
0
0
0
0
0
0
0
0
0
0
0
0
0
0
0
0
0
0
0
0
0
0
0
0
0
0
0
0
0
0
0
0
0
0
0
0
0
0
0
0
0
0
0
0
0
0
0
0
0
0
0
0
0
0
0
0
0
0
0
0
0
0
0
0
0
0
0
0
0
0
0
0
0
0
0
0
0
1
0
0
1
0
0
0
0
0
0
0
0
0
0
0
0
0
0
0
0
0
0
0
0
0
0
0
0
0
0
0
0
0
0
0
0
0
0
0
0
0
0
0
0
0
0
0
0
0
0
0
0
0
0
0
0
0
0
1
0
0
0
0
0
0
0
0
0
0
0
0
0
0
0
0
0
0
0
0
0
0
1
0
0
0
0
0
0
0
0
0
0
0
0
0
0
0
0
0
0
0
0
0
0
0
0
1
0
0
0
0
0
0
0
0
0
0
0
0
0
0
0
0
0
0
0
0
0
0
0
0
0
0
0
0
0
0
0
0
0
0
0
0
0
0
0
0
0
0
0
0
0
0
0
0
0
0
0
0
0
0
0
0
0
0
0
0
0
0
0
0
0
0
0
0
0
1
0
0
0
0
0
0
0
0
0
0
0
0
0
0
0
0
0
0
0
0
0
0
0
0
0
0
0
0
0
0
0
0
0
0
0
0
0
0
0
0
0
0
0
0
0
0
0
0
0
0
0
0
0
0
0
0
0
0
0
0
0
0
1
0
0
0
0
0
0
0
0
0
0
0
0
0
0
0
0
0
0
0
0
0
0
0
0
0
0
0
0
0
0
0
0
0
0
0
0
0
0
0
0
0
0
0
0
0
0
0
0
0
0
0
0
0
0
0
0
0
0
0
0
0
0
0
0
0
0
0
0
0
0
0
0
0
0
0
0
0
0
0
0
0
0
0
0
0
0
0
0
0
0
0
0
0
0
0
0
0
0
0
0
0
0
0
0
0
0
0
0
0
0
0
0
0
0
0
0
0
0
0
0
0
0
0
1
0
0
0
1
0
0
0
0
0
0
0
0
0
0
0
0
0
0
0
0
0
0
0
0
0
0
0
0
0
0
0
0
0
0
0
0
0
0
0
0
0
0
0
0
0
0
0
0
0
0
0
0
0
0
0
0
0
0
0
0
0
0
0
0
0
0
0
0
0
0
0
0
0
0
0
0
0
0
0
0
0
0
0
0
0
0
0
0
0
1
0
0
0
0
0
0
0
0
0
0
0
0
0
0
0
0
0
0
0
0
0
0
0
0
0
0
0
0
0
0
0
0
0
0
0
0
0
0
0
0
0
0
0
0
0
0
0
0
0
0
0
0
0
0
0
0
0
0
0
0
0
0
0
0
1
0
0
0
0
0
0
0
0
0
0
0
0
0
0
0
0
0
0
0
0
0
0
0
0
0
0
0
0
0
0
0
0
0
0
0
0
0
0
0
0
0
0
0
0
0
0
0
0
0
0
0
0
0
0
0
0
0
0
0
0
0
0
0
0
0
0
$ROI:
0
$ENER_FIT:
-7.639826 1.266616
$MCA_CAL:
3
-7.639826e+000 1.266616e+000 0.000000e+000
