$SPEC_ID:
ESBS
$SPEC_REM:
$DATE_MEA:
09/23/2021 16:52:20
$MEAS_TIM:
592 600
$DATA:
0 4095
0
0
0
0
0
0
0
0
0
0
0
0
0
0
0
0
0
0
0
0
0
0
0
0
0
0
0
0
0
0
0
0
0
0
0
0
0
0
0
0
0
0
0
0
0
257
257
242
262
274
265
305
302
275
311
325
288
329
328
329
330
327
396
360
374
381
420
449
406
434
440
457
503
545
533
594
724
848
875
938
1062
1106
1078
977
847
662
550
458
443
436
388
381
406
389
379
402
383
388
401
358
375
431
375
396
372
362
370
345
375
352
361
353
337
325
358
356
335
339
343
319
337
340
324
272
341
298
329
304
291
285
319
301
315
305
266
283
302
283
272
237
272
283
254
276
273
268
287
279
242
269
269
240
239
288
236
289
203
245
209
233
204
215
212
235
227
216
215
183
202
214
235
207
197
220
236
220
236
234
240
212
218
247
222
217
198
213
189
203
201
179
192
164
196
204
181
169
178
244
197
182
200
162
170
174
160
168
150
184
159
153
149
163
148
156
144
153
138
179
150
154
140
158
137
141
139
146
141
158
137
139
169
144
164
138
126
143
147
135
128
151
122
169
203
146
130
142
137
159
145
169
122
140
125
137
159
152
135
116
136
111
146
130
121
131
114
123
141
131
133
123
126
137
123
151
103
114
144
138
134
141
119
130
105
125
120
128
163
210
144
133
163
133
113
119
114
114
108
106
134
101
114
92
98
104
112
119
115
104
95
105
86
122
102
109
106
108
124
121
114
122
94
120
106
104
107
122
102
81
122
123
117
98
106
117
117
107
116
106
112
98
95
104
86
88
101
105
103
96
80
86
101
113
85
89
93
102
100
97
79
99
118
96
98
95
83
98
116
77
92
87
95
84
92
106
88
81
94
93
90
98
99
96
92
80
89
100
100
96
76
85
81
83
75
100
83
75
79
69
84
94
86
83
94
93
80
70
99
82
94
94
76
85
111
103
93
87
80
77
83
86
93
74
74
77
88
73
79
77
100
79
90
83
80
87
70
80
74
87
73
76
96
87
77
90
76
89
86
69
84
77
76
86
77
96
86
81
82
84
88
74
92
83
81
81
70
83
88
93
86
100
101
92
78
80
83
90
70
69
70
80
87
71
81
88
67
69
69
74
83
80
100
155
104
75
92
82
57
75
87
67
85
84
74
76
89
75
78
71
85
78
77
84
73
75
83
58
81
82
86
74
82
96
87
67
82
75
87
61
81
86
88
78
97
105
83
89
82
91
91
84
62
84
106
100
73
59
71
70
87
76
72
70
78
79
91
88
72
75
88
78
80
80
80
67
79
86
86
63
80
71
94
73
87
81
87
84
90
73
82
74
79
76
98
84
79
76
80
81
74
77
67
69
78
81
74
84
77
66
75
76
69
70
71
84
97
87
79
79
95
71
75
108
93
81
93
75
103
91
86
73
93
86
77
106
90
81
86
82
93
90
104
83
79
90
76
94
74
75
78
86
76
85
92
107
100
77
82
91
84
93
92
76
87
91
82
95
96
82
91
88
88
105
71
98
82
96
100
97
99
124
98
84
98
80
95
96
98
107
96
95
102
119
87
97
92
88
89
93
85
92
86
104
96
108
104
106
100
94
95
113
99
114
113
115
106
100
119
103
121
102
96
114
119
96
115
116
109
113
98
126
130
108
106
109
122
128
108
118
108
122
130
106
124
138
123
115
137
117
131
137
121
117
120
130
112
114
127
137
134
133
119
144
153
131
137
130
131
155
143
116
144
154
126
151
152
135
138
150
133
124
116
135
130
118
117
87
105
117
88
93
93
102
107
96
109
101
90
105
100
82
94
93
114
109
97
87
98
97
86
91
88
94
92
80
85
103
81
74
95
69
94
98
102
103
96
86
98
96
84
85
74
92
94
86
88
99
93
67
89
89
82
84
104
69
78
79
77
79
70
92
90
75
71
82
70
68
72
93
80
83
92
75
92
80
92
88
77
97
85
86
81
85
87
88
93
103
91
91
82
90
106
89
82
83
96
88
72
77
68
94
93
79
106
81
80
70
100
106
105
70
93
78
93
90
81
72
76
69
75
63
52
68
56
58
54
49
47
39
44
55
55
60
52
48
39
42
58
56
43
52
40
61
46
46
57
51
45
45
39
46
40
56
56
49
99
147
217
850
2386
2133
440
66
42
62
34
34
42
34
33
41
31
33
37
27
28
27
25
20
23
29
31
21
26
22
22
25
23
26
19
17
15
20
21
22
18
19
18
22
18
19
17
17
20
19
15
15
10
15
18
15
20
9
7
12
13
7
13
11
9
14
8
10
17
8
13
10
9
9
15
14
13
12
4
15
13
5
8
9
8
10
13
8
8
12
7
8
13
5
9
8
11
7
13
5
6
9
11
6
9
7
7
6
11
7
4
10
12
7
9
8
4
8
11
9
8
12
8
14
9
26
56
83
143
465
1513
2169
914
86
13
8
12
6
7
10
9
11
2
7
10
5
9
8
6
5
6
7
3
6
2
2
4
2
3
6
6
4
3
6
2
6
4
8
5
5
1
3
3
3
3
5
6
2
5
1
2
6
3
4
2
6
2
2
5
0
6
5
4
0
5
1
2
6
1
4
3
2
2
2
1
2
2
5
2
0
3
4
2
3
0
4
2
3
2
7
2
1
5
4
6
4
6
1
2
7
7
21
64
89
9
2
0
7
4
1
6
1
1
5
2
1
4
3
0
2
2
1
2
2
1
4
3
0
3
5
4
1
4
1
6
1
1
2
2
0
3
9
2
3
1
2
4
2
0
3
1
2
1
0
3
2
2
1
2
4
0
2
5
0
3
0
1
3
0
1
1
5
2
2
0
3
1
1
2
2
1
2
3
6
2
0
1
3
3
0
2
1
3
1
1
1
1
1
0
0
4
2
0
1
6
1
0
5
3
1
3
1
3
1
2
1
0
1
3
2
0
1
0
1
1
3
2
2
1
1
6
1
1
3
1
2
3
3
1
2
1
0
1
1
0
1
2
2
1
3
2
0
0
3
0
2
2
1
3
0
2
3
4
0
0
1
0
3
2
0
1
3
2
2
2
3
0
0
0
2
2
2
1
2
3
2
1
1
1
2
1
1
1
0
2
0
3
1
0
0
0
1
1
0
0
3
0
1
0
1
1
0
1
1
1
4
4
3
1
0
0
1
1
2
2
2
1
0
0
0
5
0
0
1
0
1
1
1
0
2
4
3
7
12
15
5
3
2
2
2
1
1
0
1
1
0
3
2
1
0
0
1
1
0
1
2
1
0
0
0
2
2
2
1
1
4
1
1
1
2
0
1
0
1
1
0
0
2
2
3
1
0
0
0
1
0
2
0
2
1
2
0
3
2
0
2
2
1
1
4
2
0
0
0
0
2
0
0
0
1
2
1
1
0
0
1
0
3
0
4
1
2
0
1
1
1
3
2
0
0
0
3
1
0
0
4
1
0
1
1
2
2
0
4
1
0
0
1
1
2
1
0
1
0
2
1
1
0
0
1
1
0
2
0
2
0
1
3
1
1
1
1
1
0
0
1
1
1
1
1
2
0
1
0
0
0
0
3
1
1
0
0
0
0
1
1
0
0
1
1
1
0
0
2
1
2
1
2
0
1
2
0
1
0
2
3
0
0
1
1
1
0
1
1
0
1
1
0
0
2
0
2
0
0
2
1
0
1
0
2
1
1
0
1
3
1
0
0
0
0
0
1
1
0
3
0
0
2
1
0
0
0
1
2
3
1
1
0
2
2
0
1
1
1
1
1
2
2
2
1
2
1
0
1
2
0
0
1
0
1
1
0
0
0
1
1
0
0
1
2
1
3
3
0
1
0
1
0
1
2
1
2
0
1
1
1
0
1
1
1
2
2
0
1
1
3
1
2
0
0
0
1
0
1
2
1
1
1
0
1
0
0
0
2
1
1
1
1
0
0
2
1
1
1
1
3
2
1
0
1
2
0
1
1
0
1
0
0
0
1
1
2
1
0
0
0
0
0
0
2
0
3
4
5
3
0
1
1
0
0
2
3
1
1
1
0
3
0
0
1
0
0
1
0
1
1
4
0
0
0
1
0
0
0
2
0
1
2
3
1
0
1
0
0
0
1
0
1
1
0
0
1
1
0
1
1
0
0
1
0
0
0
2
1
1
0
1
1
1
2
1
1
0
2
0
1
0
2
2
2
0
2
2
0
0
1
0
0
0
1
2
0
1
3
2
0
2
1
0
0
0
1
1
0
3
0
0
0
0
0
0
1
1
0
0
1
0
0
0
0
1
0
1
0
1
0
0
0
0
1
0
1
0
2
0
0
0
1
2
0
0
0
0
0
1
0
1
0
0
2
0
0
0
0
0
0
1
0
1
1
0
1
1
1
1
0
0
2
0
2
0
0
0
0
0
1
1
0
1
0
0
0
0
0
1
0
0
1
0
0
0
0
3
0
0
0
1
0
0
0
1
0
2
0
0
1
0
0
0
0
1
0
0
0
0
0
0
0
0
0
0
0
0
0
0
0
0
0
0
0
0
2
0
0
0
0
0
0
0
0
1
1
0
0
0
0
1
0
0
0
0
0
0
0
0
1
0
0
0
0
0
0
0
0
0
0
0
0
0
0
0
0
1
2
0
0
0
0
0
1
0
0
0
0
0
0
0
0
0
0
0
0
0
0
2
0
0
0
0
0
0
0
0
0
1
0
0
0
0
0
0
0
0
0
0
0
0
1
0
0
0
0
0
0
0
2
4
9
10
12
1
0
0
0
0
0
0
0
0
0
0
0
0
0
1
0
0
0
0
0
0
0
0
0
0
0
0
0
0
0
0
0
0
0
0
0
0
0
0
0
0
0
0
1
0
0
0
0
0
0
0
0
1
0
0
0
0
0
0
0
0
0
0
0
0
0
0
0
0
0
0
0
0
1
0
0
0
0
0
0
0
0
0
0
0
0
0
0
0
0
0
0
0
0
0
0
0
0
0
0
0
0
0
0
0
0
0
0
0
0
0
0
0
0
0
0
0
0
0
0
0
0
1
0
0
0
0
0
0
0
0
0
0
0
0
0
0
0
0
0
0
0
0
0
0
0
0
0
0
0
0
0
0
0
0
0
0
0
0
0
0
0
0
0
0
1
0
0
0
0
0
0
0
0
0
0
0
0
1
0
0
0
0
0
0
0
0
0
0
0
0
0
0
0
0
0
0
0
0
0
0
0
0
0
0
0
0
0
0
0
0
0
0
0
0
0
0
0
0
0
0
0
0
0
0
0
0
0
0
0
0
0
0
0
0
0
0
0
0
0
0
0
0
0
0
0
0
0
0
0
0
0
0
0
0
0
1
0
0
0
0
0
0
0
0
0
0
0
0
0
0
0
0
0
0
0
0
0
0
0
0
0
0
0
0
0
0
0
0
0
0
0
0
0
0
0
0
0
0
0
0
0
0
0
0
0
0
0
0
0
0
0
0
0
0
0
0
0
0
0
1
0
0
0
0
0
0
0
0
0
0
0
0
0
0
0
1
0
0
0
1
0
0
0
0
0
0
0
0
0
0
0
0
0
0
0
0
0
0
0
0
0
0
0
0
0
0
0
0
0
0
0
0
0
0
0
0
0
0
0
0
0
0
0
0
0
0
0
0
0
0
0
0
0
0
0
0
0
0
0
0
0
0
0
0
0
0
1
0
0
1
0
0
0
0
0
1
0
0
0
0
0
0
0
0
0
0
0
0
0
0
0
0
0
0
0
0
0
0
0
0
0
0
0
0
0
0
0
0
0
0
0
0
0
0
0
0
0
0
0
0
0
0
0
0
0
0
0
0
0
0
0
0
0
0
0
0
0
0
0
0
0
0
0
0
0
0
0
0
0
0
0
0
0
0
1
0
0
0
0
0
0
0
0
0
0
0
0
0
0
0
0
0
0
0
0
0
0
0
0
0
0
0
0
0
0
0
0
0
0
0
0
0
0
0
0
0
0
0
0
0
0
0
0
0
0
0
0
0
0
0
0
0
0
0
0
0
0
0
0
0
0
0
0
0
0
0
1
0
0
0
0
0
0
0
0
0
0
0
0
0
0
0
0
0
0
1
0
0
0
0
0
0
0
0
0
0
0
0
0
0
0
0
0
0
0
0
0
0
0
0
0
0
0
0
0
0
0
0
1
0
0
0
0
0
0
0
0
0
0
0
0
0
0
0
0
0
0
0
0
0
0
0
0
0
0
0
0
0
0
0
0
0
0
0
0
0
0
0
0
0
0
0
0
0
0
0
0
0
0
0
0
0
0
0
0
0
1
0
0
0
0
0
0
0
0
0
1
0
0
0
0
0
0
0
0
0
0
0
0
0
0
0
0
0
0
0
0
0
0
0
0
1
0
0
0
0
0
0
0
0
0
0
0
0
0
0
0
0
0
0
0
0
0
0
0
0
0
0
0
0
0
0
0
0
0
0
0
0
0
0
0
0
0
0
0
0
0
0
0
0
0
0
0
0
0
0
0
0
0
0
0
0
0
0
0
0
0
0
0
0
0
0
0
0
0
0
0
0
0
0
0
0
0
0
0
1
0
0
0
0
0
0
0
0
0
0
0
0
0
0
0
0
0
0
0
1
0
0
0
0
0
0
0
0
0
0
0
0
0
0
0
0
0
0
0
0
0
0
0
0
0
0
0
0
0
0
0
1
0
0
0
0
0
0
0
0
0
0
0
0
0
0
0
0
0
0
0
0
0
0
0
0
0
0
0
0
0
0
0
0
0
0
0
0
0
0
0
0
0
0
0
1
0
0
0
0
0
0
0
0
0
0
0
0
0
0
0
0
0
0
0
0
0
0
0
0
0
0
0
0
0
0
0
0
0
0
0
0
0
0
0
0
0
0
0
0
0
0
0
0
0
0
0
0
0
0
0
0
1
0
0
0
0
0
0
0
0
0
0
0
0
0
0
0
0
0
0
0
0
0
0
0
0
0
0
0
0
0
0
0
0
0
0
0
0
0
0
0
0
0
0
0
0
0
0
0
0
0
0
0
0
0
0
0
0
0
0
0
0
0
0
0
0
0
0
0
0
0
0
0
0
0
0
0
0
0
0
0
0
0
0
0
0
0
0
0
0
0
0
0
0
0
0
0
0
0
0
0
0
0
1
0
0
0
0
0
0
0
0
0
0
0
0
0
0
0
0
0
0
0
0
0
0
0
0
0
0
0
0
0
0
0
0
0
0
0
0
0
0
0
0
0
0
0
0
0
0
0
0
0
0
0
0
0
0
0
0
0
0
0
0
0
0
0
0
0
0
0
0
0
0
0
0
0
0
0
0
0
0
0
0
0
0
0
0
0
0
0
0
0
0
0
0
0
0
0
0
0
0
0
0
0
0
0
0
0
0
0
0
0
0
0
0
0
0
0
0
0
0
0
0
0
0
0
0
0
0
0
0
0
0
0
0
0
0
0
0
0
0
0
0
0
0
0
0
0
0
0
0
0
0
0
0
0
0
0
0
0
0
0
0
0
0
0
0
0
0
0
0
0
0
0
0
0
0
0
0
0
0
0
0
0
0
0
0
0
0
0
0
0
0
0
0
0
0
0
0
0
0
0
0
0
0
0
0
1
0
0
0
0
0
0
0
0
0
0
0
0
0
0
0
0
0
0
0
0
0
0
0
0
0
0
0
0
0
0
0
0
2
0
1
0
0
0
0
0
0
0
0
0
0
0
0
0
0
1
0
0
0
0
0
0
0
0
0
0
0
0
0
0
0
0
0
0
0
0
0
0
0
0
0
0
0
0
0
0
0
0
0
0
0
0
0
0
0
0
0
0
0
0
0
0
0
0
0
0
0
0
0
0
0
0
0
0
0
0
0
0
0
0
0
0
0
0
0
0
0
0
0
0
0
0
0
0
0
0
0
0
0
0
0
0
0
0
0
0
0
0
0
0
0
0
0
0
0
0
0
0
0
0
0
0
0
0
0
0
0
0
0
0
0
0
0
0
0
0
0
0
0
0
0
0
0
0
0
0
0
0
0
0
0
0
0
0
0
0
0
0
0
0
0
0
0
0
0
0
0
0
0
0
0
0
0
0
0
0
0
0
0
0
0
0
0
0
0
0
0
0
0
0
0
0
0
0
0
0
0
0
0
0
0
1
0
1
0
0
0
0
0
0
0
0
0
0
0
0
0
0
0
0
0
0
0
0
0
0
0
0
0
0
0
0
1
0
0
0
0
0
0
0
0
0
0
0
0
0
0
0
0
0
0
0
0
0
0
0
0
0
0
0
0
0
0
0
0
0
0
0
0
0
0
0
0
0
0
0
0
0
0
0
0
0
0
0
0
0
0
0
0
0
0
0
0
0
0
0
0
0
0
0
0
0
0
0
0
0
0
0
0
0
0
0
0
0
0
0
0
0
0
0
0
0
0
0
0
0
0
0
0
0
0
0
0
0
0
0
0
0
0
0
0
0
0
0
0
0
0
0
0
0
0
0
0
0
0
0
0
0
0
0
0
0
0
0
0
0
0
0
0
0
0
0
0
0
0
0
0
0
0
0
0
0
0
0
1
0
0
0
0
0
0
0
0
0
0
0
0
0
0
0
0
0
0
0
0
0
0
0
0
0
0
0
0
0
0
0
0
0
0
0
0
0
0
0
0
0
0
0
0
0
0
0
0
0
0
0
0
0
0
0
0
0
0
0
0
0
0
0
0
0
0
0
0
0
0
0
0
0
0
0
0
0
0
0
0
0
0
0
0
0
0
0
0
0
0
0
0
0
0
0
0
0
0
0
0
0
0
0
0
0
0
0
0
0
0
0
0
0
0
0
0
0
0
0
0
0
0
0
0
0
0
0
0
0
0
0
0
0
0
0
0
0
0
0
0
0
0
0
0
0
0
0
0
0
0
0
0
0
0
0
0
0
0
0
0
0
0
0
0
0
0
0
0
0
0
0
0
0
0
0
0
0
0
0
0
0
0
0
0
0
0
0
0
0
0
0
0
0
0
0
0
0
0
0
0
0
0
0
0
0
0
0
0
0
0
0
0
0
0
0
0
0
0
0
0
0
0
0
0
0
0
0
0
0
0
0
0
0
0
0
0
0
0
0
0
0
0
0
0
0
0
0
0
0
0
0
0
0
0
0
0
0
0
0
0
0
0
1
0
0
0
0
0
0
0
0
0
0
0
0
0
0
0
0
0
0
0
0
0
0
0
0
0
0
0
0
0
0
0
0
0
0
0
0
0
0
0
0
0
0
0
0
0
0
0
0
0
0
0
0
0
0
0
0
0
0
0
0
0
0
0
0
0
0
0
0
0
0
0
0
0
$ROI:
0
$ENER_FIT:
-7.639826 1.266616
$MCA_CAL:
3
-7.639826e+000 1.266616e+000 0.000000e+000
