$SPEC_ID:
ESBS
$SPEC_REM:
$DATE_MEA:
09/23/2021 17:24:58
$MEAS_TIM:
597 600
$DATA:
0 4095
0
0
0
0
0
0
0
0
0
0
0
0
0
0
0
0
0
0
0
0
0
0
0
0
0
0
0
0
0
0
0
0
0
0
0
0
0
0
0
0
0
0
0
0
0
164
165
162
189
200
202
196
193
202
225
251
248
221
257
223
256
267
268
297
299
312
289
352
317
306
300
293
285
315
344
363
363
397
406
406
419
468
414
433
407
370
353
342
322
284
332
343
312
323
294
331
304
314
270
280
307
290
287
296
277
296
258
302
301
281
276
300
280
273
236
260
270
247
249
275
247
246
258
233
226
228
248
249
240
215
248
221
216
213
209
205
210
232
196
202
199
190
206
222
203
200
189
168
179
180
175
173
156
177
173
228
167
159
164
176
176
151
147
153
163
133
151
116
141
152
127
168
124
138
131
138
132
132
146
151
133
129
104
137
134
116
118
120
109
109
106
123
125
117
123
109
138
202
123
132
115
111
117
94
108
115
103
99
92
95
99
99
94
99
90
99
97
85
94
100
82
114
82
92
77
84
103
81
88
92
71
78
95
90
78
103
91
77
85
83
80
99
146
89
67
81
93
85
75
63
73
95
77
78
86
88
73
63
68
94
61
78
74
79
78
75
75
70
80
82
84
80
80
82
67
79
82
65
81
73
63
60
50
56
69
70
81
161
75
45
54
49
48
50
51
53
48
40
39
43
51
51
43
38
45
55
45
51
43
29
48
40
31
38
44
35
37
41
34
39
41
35
34
49
45
49
32
41
34
28
30
31
21
30
43
35
36
44
28
34
32
31
27
24
25
36
28
31
36
35
34
32
24
27
33
33
36
25
33
24
40
15
21
23
25
16
21
26
37
27
26
24
30
27
24
29
31
27
28
28
27
13
21
34
23
28
25
19
26
23
28
17
32
29
23
13
19
25
23
27
20
26
21
25
21
26
29
25
28
36
57
212
700
1102
646
201
41
31
13
20
23
24
18
17
15
21
19
23
11
11
19
15
19
20
20
24
14
15
17
18
19
14
16
23
18
11
20
20
15
23
17
15
15
22
13
26
20
9
14
12
23
15
17
26
21
15
13
14
18
25
51
29
22
12
14
16
21
15
8
11
5
14
21
19
7
12
11
14
22
13
49
104
42
16
11
18
12
10
13
13
18
8
6
9
15
9
14
13
16
12
13
15
12
11
10
11
16
18
13
9
15
16
13
8
14
11
13
13
14
7
14
11
17
10
13
8
16
14
9
9
19
12
9
13
11
14
10
16
12
8
10
12
12
14
8
15
12
11
15
8
12
18
7
15
10
14
16
10
12
8
5
13
13
11
15
19
15
11
13
9
14
13
10
11
15
19
16
9
12
17
10
6
15
6
8
14
14
16
11
14
8
10
11
12
15
14
12
14
12
8
17
7
13
15
14
20
12
23
18
9
12
9
12
10
12
13
7
11
6
14
11
15
16
12
10
13
13
8
14
12
1
10
4
12
10
5
8
14
9
10
17
10
8
10
9
12
15
2
8
14
11
10
14
9
8
9
9
9
8
10
15
13
17
13
12
11
7
7
11
8
10
9
11
8
13
19
8
10
4
16
3
11
14
12
12
20
7
9
10
7
11
6
8
15
14
7
10
10
11
11
11
11
8
11
13
13
9
9
10
11
12
9
10
10
11
8
12
12
12
16
25
11
10
6
9
6
13
15
9
8
13
8
17
4
8
11
5
8
11
18
14
11
14
9
6
13
6
9
12
9
10
10
10
7
10
8
15
14
8
14
9
11
8
8
12
7
28
23
9
12
8
11
8
7
10
18
17
14
13
11
8
6
10
12
6
9
5
16
12
12
11
10
15
7
8
6
10
10
9
12
7
9
9
9
14
13
9
11
11
9
11
9
13
15
13
12
9
6
10
17
13
11
14
15
21
11
13
8
9
7
8
12
10
10
16
14
11
14
7
9
11
11
13
10
12
7
6
7
11
8
4
8
8
9
14
9
6
4
9
13
8
5
10
6
7
11
10
10
7
9
11
3
10
6
9
9
7
6
9
9
11
10
3
5
7
16
20
22
10
8
14
7
5
4
8
4
8
9
7
6
8
6
7
7
5
5
8
6
5
8
4
6
4
5
6
7
5
6
8
4
4
4
6
9
8
4
5
3
7
6
7
6
9
3
1
9
6
4
5
4
5
2
1
4
3
6
4
6
4
7
7
7
5
4
10
9
4
7
6
8
5
5
5
10
6
9
8
2
7
7
2
7
10
5
3
9
4
2
8
12
8
5
8
5
5
3
5
4
3
5
6
2
7
7
6
4
7
4
4
5
6
6
3
2
5
5
6
40
171
199
54
2
3
6
5
4
3
6
2
2
3
2
3
2
3
5
4
3
3
1
3
4
4
2
7
4
3
3
4
2
4
4
5
1
2
1
2
7
4
1
1
4
3
6
2
4
5
2
1
1
3
0
1
2
3
4
4
0
2
0
5
2
3
3
3
3
3
3
2
3
2
2
2
5
2
3
1
3
3
2
5
1
2
3
0
1
0
1
5
2
3
1
2
2
0
0
1
2
3
2
2
1
0
1
1
4
4
3
0
4
2
3
0
0
0
0
1
3
0
2
2
3
0
3
3
2
2
2
2
0
6
2
0
3
0
3
3
1
2
2
0
2
2
4
5
30
83
63
19
3
4
1
1
1
3
4
0
0
2
0
1
0
0
2
1
1
2
2
2
3
1
0
3
3
1
5
3
3
1
0
4
0
1
1
3
6
5
2
2
2
2
2
1
0
0
2
2
2
2
1
1
0
2
1
1
1
1
1
1
3
1
0
2
4
0
0
2
2
0
2
2
3
2
1
1
0
2
4
3
1
1
1
1
1
2
0
1
0
0
0
2
2
1
4
2
1
2
0
0
2
4
8
2
2
1
1
0
0
0
1
0
1
0
0
0
0
1
0
0
0
2
0
1
4
1
1
0
0
1
1
1
2
2
0
1
1
0
1
1
0
2
2
1
0
3
0
1
0
0
0
1
1
0
0
1
3
1
1
2
1
0
0
0
0
0
2
1
0
2
0
0
2
0
2
1
2
1
0
0
1
0
1
0
0
0
1
1
0
1
0
0
2
0
1
1
1
0
0
0
1
1
0
0
3
1
0
1
0
0
1
4
3
0
0
2
0
0
1
1
0
0
0
0
1
1
0
0
1
1
0
0
1
0
0
0
6
5
11
13
1
2
1
0
0
0
1
0
2
1
0
0
1
1
4
2
0
3
0
1
1
1
1
0
0
1
4
1
1
0
0
0
0
0
0
1
0
0
0
1
0
0
1
0
1
1
0
1
0
0
1
0
1
3
0
0
0
1
1
0
2
0
0
2
2
0
0
0
0
0
0
1
0
0
2
0
0
1
1
1
0
0
0
2
3
4
3
0
0
0
0
0
0
1
0
0
1
0
0
2
0
1
0
3
0
2
0
1
0
2
1
1
0
1
0
0
0
0
1
0
0
0
0
0
0
0
0
0
0
3
0
1
1
0
0
0
0
3
0
1
0
1
0
0
0
3
0
3
1
0
0
0
1
0
1
2
0
1
1
0
0
0
1
0
1
1
1
1
0
0
0
0
0
1
1
0
0
0
0
0
2
0
0
2
0
0
0
0
1
0
0
0
0
2
0
2
0
1
0
1
0
1
1
2
0
1
1
2
0
0
0
0
1
0
1
0
0
1
0
1
0
0
1
0
1
0
0
0
0
0
0
1
1
0
0
1
1
0
0
0
1
0
2
0
0
0
0
1
0
1
1
0
3
0
2
0
0
0
0
1
0
0
0
0
0
0
0
1
5
2
1
0
0
0
1
1
0
1
1
1
2
1
1
1
1
0
1
0
1
1
0
0
1
0
1
1
1
0
1
0
0
0
1
0
0
0
1
1
0
1
1
0
0
1
0
1
0
0
0
1
1
0
0
0
2
1
1
0
1
1
0
0
1
1
0
0
0
1
2
0
0
0
1
0
2
1
2
3
3
2
0
3
1
1
1
1
1
0
1
1
0
0
0
3
0
1
2
2
0
1
1
0
1
0
0
1
1
1
0
1
1
0
1
0
0
1
0
1
1
3
1
1
0
0
0
1
0
0
1
0
2
1
0
1
1
0
1
0
0
1
0
0
0
0
0
0
2
0
1
0
2
1
0
2
0
1
1
0
0
0
1
1
1
0
0
0
1
1
0
0
1
0
0
0
0
1
0
0
0
0
0
1
0
0
0
0
0
1
0
2
0
2
0
0
1
0
0
0
0
0
1
0
0
1
0
0
0
0
0
0
0
0
1
1
0
1
0
0
0
0
0
1
0
0
0
0
1
0
0
1
0
0
0
0
1
0
0
0
0
1
1
0
0
0
0
0
0
0
0
0
1
0
0
0
0
0
0
1
1
0
0
0
0
0
0
0
0
1
1
0
3
4
1
0
0
1
1
0
0
0
0
0
1
0
0
0
0
0
0
1
0
0
0
2
1
0
0
0
0
0
0
0
0
0
0
0
0
0
0
0
0
0
0
0
0
0
0
0
1
1
0
0
0
0
1
0
0
0
0
0
0
0
0
0
0
0
0
0
0
0
0
0
0
0
0
0
0
0
0
0
0
0
0
0
0
0
0
0
0
0
0
0
0
0
0
0
0
0
0
0
0
0
0
0
0
0
0
0
0
0
0
0
0
0
0
0
1
0
0
0
0
0
0
0
1
0
0
0
1
1
2
2
8
12
3
1
1
0
0
0
0
0
0
0
0
0
0
0
0
0
0
0
1
0
0
0
0
0
0
0
0
0
0
0
0
0
0
0
0
0
0
0
0
0
0
0
0
0
0
0
0
0
0
0
0
0
0
0
0
0
0
0
0
0
0
0
0
0
0
0
0
0
0
0
0
0
0
0
0
0
0
0
0
0
0
0
0
0
0
0
0
0
0
0
0
0
1
0
0
0
0
0
0
0
0
0
0
0
0
0
0
0
0
0
0
0
1
0
0
0
0
0
0
0
0
0
0
0
0
0
0
0
0
0
0
0
0
0
0
0
0
0
0
0
1
0
0
0
0
0
0
0
0
0
0
0
0
0
0
0
0
0
0
0
0
0
0
0
0
0
0
0
0
1
0
0
0
0
0
0
0
0
0
0
0
0
0
0
0
0
0
0
0
0
0
0
0
0
0
0
0
0
0
0
0
0
0
0
0
0
0
0
0
0
0
0
0
0
0
0
0
0
0
0
0
0
0
0
0
0
0
0
0
0
0
0
0
0
0
0
1
0
0
0
0
0
0
0
0
0
0
0
0
0
0
0
0
0
0
0
0
0
0
0
0
0
0
0
0
0
0
0
0
0
0
1
0
0
0
0
0
0
0
0
0
0
0
0
0
0
0
0
0
0
0
0
0
0
0
0
0
1
0
0
0
0
0
0
0
0
0
0
0
0
0
0
0
0
0
0
0
0
0
0
0
0
0
0
0
0
0
0
0
0
0
0
0
0
0
0
0
0
0
0
0
0
0
0
0
0
0
0
0
0
0
0
0
0
0
0
0
0
0
0
0
0
0
0
0
0
0
0
0
0
0
0
0
0
0
0
0
0
0
0
0
0
0
0
0
0
0
0
0
0
0
0
0
0
0
0
0
0
0
0
0
0
0
0
0
0
0
0
0
0
0
0
0
0
0
0
0
0
0
0
0
0
0
0
0
0
0
0
0
0
0
0
0
0
0
0
0
0
0
0
0
0
0
0
0
0
0
0
0
0
0
0
0
0
0
0
0
0
0
0
0
0
0
0
0
0
0
0
0
0
0
0
0
0
0
0
0
0
0
0
0
0
0
0
1
0
0
0
0
0
0
0
0
0
0
0
0
0
0
0
0
0
0
0
0
0
0
0
0
0
0
0
0
0
0
0
0
0
0
0
0
0
0
0
0
0
0
0
0
0
0
0
0
0
0
0
0
0
0
0
0
0
0
0
0
0
0
0
0
0
0
0
0
0
0
0
0
0
0
0
0
0
0
0
0
0
0
0
0
0
0
0
0
0
0
0
0
0
0
0
0
0
0
0
0
0
0
0
0
0
0
0
0
0
0
0
0
0
0
0
0
0
0
0
0
0
0
0
0
0
0
0
0
0
0
0
0
0
0
0
1
0
0
0
0
0
0
0
0
0
0
0
0
0
0
0
0
0
0
0
1
0
0
0
0
0
0
0
0
0
0
0
0
0
0
0
0
0
0
0
0
0
0
1
0
0
0
0
0
0
0
0
0
0
0
0
0
0
0
0
0
0
0
0
0
0
0
0
0
0
0
0
0
0
0
0
0
0
0
0
0
0
0
0
0
0
0
1
0
0
0
0
0
0
0
0
0
0
0
0
0
1
0
0
0
0
0
0
0
0
0
0
0
0
0
0
0
0
0
0
1
0
0
0
0
0
0
0
1
0
0
0
0
0
0
0
0
0
0
0
0
0
0
0
0
0
0
0
0
0
0
0
0
0
0
1
0
1
0
0
0
0
0
0
0
0
0
0
0
0
0
0
0
0
0
0
0
0
0
0
0
0
0
0
0
0
1
0
0
0
0
0
0
0
0
0
0
0
0
0
0
0
0
0
0
0
0
0
0
0
0
0
0
0
0
0
0
0
0
0
0
0
0
0
0
0
0
0
0
0
0
0
0
0
0
0
0
0
0
0
0
0
0
0
0
0
0
0
0
0
0
0
0
0
0
0
0
0
0
0
0
0
0
0
0
0
0
0
0
0
0
0
0
0
0
0
0
0
0
0
0
0
0
0
0
0
0
0
0
0
0
0
0
0
0
0
0
0
0
0
0
0
0
0
0
0
0
0
0
0
0
0
0
0
0
0
0
0
0
0
0
0
0
0
0
0
0
0
0
0
0
0
0
0
0
0
0
0
0
0
0
0
0
0
0
0
0
0
0
0
0
0
0
0
0
0
0
0
0
0
0
0
0
0
0
0
0
0
0
0
0
0
0
0
0
0
0
0
0
0
0
0
0
0
0
0
0
0
0
0
0
0
0
0
0
0
0
0
0
0
0
0
0
0
0
0
0
0
0
0
0
0
0
0
0
0
0
0
0
0
0
0
0
0
0
0
0
0
0
0
0
0
0
0
1
0
0
0
0
0
0
0
0
0
0
0
0
0
0
0
0
1
0
0
0
0
0
0
0
0
0
0
0
0
0
0
0
0
0
0
0
0
0
0
0
0
0
0
0
0
0
0
0
0
0
0
0
0
0
0
0
0
0
0
0
0
0
1
0
0
1
1
0
0
0
0
0
0
0
0
0
0
0
0
0
0
0
0
0
0
0
0
0
0
0
0
0
0
0
0
0
0
0
0
0
0
0
0
0
0
0
0
0
0
0
0
0
0
0
0
0
0
0
0
0
0
0
0
0
0
0
0
0
0
0
0
0
0
0
0
0
0
0
0
0
0
0
0
0
0
0
0
1
0
0
0
0
0
0
0
0
0
0
0
0
0
0
0
0
0
0
0
0
0
0
0
0
0
0
0
0
0
0
0
0
0
0
0
0
0
0
0
0
0
0
0
0
0
0
0
0
0
0
0
0
0
0
0
0
0
0
0
0
0
0
0
0
0
0
0
0
0
0
0
0
0
0
0
0
0
0
0
0
0
0
0
0
0
0
0
0
0
0
0
0
0
0
0
0
0
0
0
0
0
0
0
0
0
1
0
0
0
0
0
0
0
0
0
0
0
0
1
0
0
0
0
0
0
0
0
0
0
0
0
0
0
0
0
0
0
0
0
0
0
0
0
0
0
0
0
0
0
0
0
0
0
1
0
0
0
0
0
0
0
0
0
0
0
0
0
0
0
0
0
0
0
0
0
0
0
0
0
0
0
0
0
0
0
0
0
0
0
0
0
0
0
0
0
0
0
0
0
0
0
0
0
0
0
0
0
0
0
0
0
0
0
0
0
0
0
0
0
0
0
0
0
0
0
0
0
0
0
0
0
0
0
0
0
0
0
0
0
0
0
0
0
0
0
0
0
0
0
0
0
0
0
0
0
0
0
0
0
0
0
0
0
0
0
0
0
0
0
0
0
0
0
0
0
0
0
0
0
0
0
0
0
0
0
0
0
0
1
0
0
0
0
0
0
0
0
0
0
0
1
0
0
0
0
0
0
0
0
0
0
0
0
0
0
0
0
0
0
0
0
0
0
0
0
0
1
0
0
0
0
0
0
0
0
0
0
0
0
0
0
0
0
0
0
0
1
0
0
0
0
0
0
0
0
0
0
0
0
0
0
0
0
0
0
0
0
0
0
0
0
0
0
0
0
0
0
0
0
0
0
0
0
0
0
0
0
0
0
0
0
0
0
0
0
0
0
0
0
0
0
0
0
0
0
0
1
0
0
0
0
0
0
0
0
0
0
0
0
0
0
0
0
0
0
0
0
0
0
0
0
0
0
0
0
0
0
0
0
0
0
0
0
0
0
0
0
0
0
0
0
0
0
0
0
0
0
0
0
0
0
0
0
0
1
0
0
0
0
0
0
0
0
0
0
0
0
0
0
0
0
0
0
0
0
0
0
0
0
0
0
0
1
0
0
0
0
0
0
0
0
0
0
0
0
0
0
0
0
0
0
0
0
0
0
0
0
0
0
0
0
0
0
0
0
0
0
0
0
0
0
0
0
0
0
0
0
0
0
0
0
0
0
0
0
1
0
0
0
0
0
0
0
0
0
0
0
0
0
0
0
0
0
0
0
0
0
0
0
0
0
0
0
0
0
0
0
0
0
0
0
0
0
0
0
0
0
0
0
0
0
0
0
0
0
0
0
0
0
0
0
0
0
0
0
0
0
0
0
0
0
0
0
0
0
0
0
0
0
0
0
0
0
0
1
0
0
0
0
0
0
0
0
0
0
0
0
0
0
0
0
0
0
0
0
0
0
0
0
0
0
0
0
0
0
0
0
0
0
0
0
0
0
0
0
0
0
0
0
0
0
0
0
0
0
0
0
0
0
0
0
0
0
1
0
0
0
0
0
0
0
0
1
0
0
0
0
0
0
0
0
0
0
0
0
0
0
0
0
0
0
0
0
0
0
1
0
0
0
0
0
0
0
0
0
0
0
0
0
0
0
0
0
0
0
0
0
0
0
0
0
0
0
0
0
0
0
0
0
0
0
0
0
0
0
0
0
0
0
0
0
0
0
0
0
0
0
0
0
0
0
0
0
0
0
0
0
0
0
0
0
0
0
0
0
0
0
0
0
0
0
0
0
0
0
0
0
0
0
0
0
0
0
0
0
0
0
0
0
0
$ROI:
0
$ENER_FIT:
-7.639826 1.266616
$MCA_CAL:
3
-7.639826e+000 1.266616e+000 0.000000e+000
